data/kamrup_synthetic/raster/kamrup_rainfall_annual_mm.asc
ncols         50
nrows         50
xllcorner     90.48
yllcorner     25.46
cellsize      0.020400
NODATA_value  -9999
[rows 0 to 31 of 50, columns 0 to 49 of 50]
1639.6000 1671.5000 1567.5000 1545.0000 1507.2000 1528.0000 1829.9000 1693.6000 1485.9000 1488.2000 1632.5000 1637.8000 1637.9000 1573.6000 1584.0000 1620.2000 1600.9000 1416.5000 1575.6000 1525.9000 1608.0000 1832.8000 1623.4000 1568.9000 1667.7000 1632.6000 1627.6000 1642.5000 1758.5000 1503.5000 1631.9000 1519.9000 1638.4000 1520.5000 1560.6000 1570.4000 1672.1000 1667.5000 1494.3000 1598.4000 1537.2000 1493.3000 1576.6000 1569.3000 1788.1000 1628.6000 1483.8000 1548.8000 1675.7000 1761.1000
1471.3000 1447.8000 1747.9000 1629.4000 1528.7000 1641.0000 1387.3000 1598.5000 1624.4000 1672.1000 1517.1000 1605.1000 1524.2000 1618.6000 1526.6000 1565.6000 1518.5000 1650.3000 1666.9000 1579.4000 1601.3000 1482.3000 1574.2000 1594.2000 1807.9000 1509.2000 1715.3000 1678.0000 1620.7000 1738.9000 1628.0000 1629.3000 1594.0000 1696.1000 1685.9000 1548.1000 1492.7000 1582.0000 1534.2000 1593.1000 1697.2000 1561.6000 1594.8000 1602.8000 1666.1000 1418.5000 1549.7000 1615.1000 1694.2000 1558.9000
1452.3000 1652.0000 1551.6000 1507.2000 1552.5000 1587.6000 1554.0000 1426.0000 1674.2000 1704.4000 1654.5000 1511.4000 1586.3000 1601.9000 1650.3000 1655.9000 1543.7000 1609.0000 1639.0000 1718.9000 1658.8000 1665.5000 1609.1000 1715.2000 1635.2000 1533.5000 1714.7000 1658.2000 1567.0000 1564.0000 1626.1000 1639.5000 1618.2000 1627.3000 1738.4000 1688.1000 1617.7000 1677.7000 1519.8000 1634.2000 1747.2000 1585.0000 1534.6000 1550.2000 1515.2000 1539.6000 1572.8000 1490.0000 1603.7000 1674.6000
1534.0000 1728.2000 1647.5000 1689.1000 1554.0000 1675.0000 1519.3000 1677.8000 1620.4000 1650.9000 1512.6000 1535.0000 1654.4000 1530.7000 1643.7000 1497.2000 1674.5000 1508.0000 1650.8000 1656.7000 1550.9000 1653.2000 1627.4000 1563.5000 1525.9000 1449.6000 1634.6000 1481.4000 1614.2000 1585.5000 1660.9000 1582.4000 1580.3000 1665.2000 1633.4000 1631.9000 1644.2000 1483.8000 1667.2000 1655.6000 1525.3000 1587.1000 1603.5000 1595.9000 1633.3000 1721.1000 1693.2000 1501.6000 1656.4000 1712.9000
1641.8000 1698.1000 1771.8000 1692.7000 1630.8000 1694.4000 1622.4000 1612.7000 1582.7000 1735.9000 1545.3000 1733.4000 1650.8000 1498.9000 1640.2000 1442.8000 1660.9000 1681.6000 1563.4000 1620.7000 1767.1000 1570.4000 1526.1000 1729.3000 1767.8000 1611.1000 1691.7000 1718.1000 1551.4000 1572.0000 1709.3000 1745.6000 1655.8000 1540.4000 1769.8000 1568.3000 1584.0000 1638.2000 1735.1000 1679.1000 1644.0000 1647.9000 1614.3000 1655.5000 1408.5000 1587.1000 1630.1000 1518.7000 1641.7000 1594.5000
1755.5000 1740.9000 1577.8000 1603.0000 1609.1000 1578.9000 1630.6000 1554.4000 1524.6000 1664.8000 1665.4000 1550.7000 1686.6000 1564.5000 1635.3000 1680.6000 1612.3000 1651.4000 1573.7000 1599.3000 1598.6000 1555.3000 1600.9000 1491.1000 1575.7000 1592.2000 1594.5000 1595.7000 1610.1000 1653.4000 1685.0000 1563.0000 1518.8000 1531.7000 1576.0000 1586.9000 1553.4000 1511.3000 1578.5000 1629.5000 1662.6000 1570.4000 1582.0000 1540.9000 1612.5000 1547.1000 1660.9000 1472.2000 1586.3000 1639.1000
1633.9000 1834.7000 1647.2000 1538.9000 1611.6000 1477.1000 1612.8000 1552.6000 1692.5000 1575.3000 1609.9000 1568.4000 1758.3000 1593.5000 1765.8000 1684.4000 1657.8000 1648.7000 1650.7000 1465.0000 1596.9000 1686.8000 1615.3000 1506.8000 1615.0000 1755.6000 1719.0000 1614.3000 1695.3000 1589.9000 1482.9000 1545.3000 1744.3000 1597.3000 1599.8000 1595.2000 1771.6000 1749.3000 1796.7000 1606.5000 1642.9000 1497.9000 1737.4000 1525.8000 1636.6000 1531.4000 1572.1000 1552.2000 1570.6000 1576.1000
1579.6000 1690.1000 1535.0000 1641.1000 1720.9000 1582.4000 1566.0000 1605.0000 1717.8000 1639.0000 1580.9000 1662.1000 1535.2000 1677.9000 1656.1000 1598.8000 1556.3000 1552.5000 1666.2000 1721.7000 1572.4000 1660.1000 1456.5000 1576.7000 1620.9000 1550.7000 1548.5000 1570.0000 1646.8000 1608.4000 1444.4000 1453.8000 1574.9000 1660.0000 1403.6000 1583.5000 1581.3000 1734.5000 1592.6000 1654.1000 1634.7000 1453.0000 1684.9000 1640.7000 1664.1000 1937.5000 1456.7000 1761.4000 1600.4000 1646.4000
1624.0000 1593.7000 1582.0000 1654.0000 1506.3000 1687.7000 1594.3000 1537.2000 1591.6000 1728.2000 1584.8000 1656.3000 1569.2000 1688.3000 1682.5000 1775.5000 1613.6000 1681.1000 1635.5000 1731.3000 1570.1000 1687.2000 1612.1000 1622.5000 1635.0000 1647.8000 1618.3000 1644.8000 1753.9000 1706.5000 1697.2000 1591.2000 1556.5000 1704.1000 1697.7000 1745.4000 1579.3000 1609.3000 1496.5000 1596.2000 1707.4000 1590.3000 1678.9000 1612.4000 1653.6000 1535.8000 1634.4000 1388.3000 1612.7000 1497.2000
1728.3000 1694.0000 1669.2000 1753.5000 1555.9000 1771.6000 1706.4000 1612.9000 1722.7000 1543.3000 1565.9000 1583.1000 1589.5000 1547.3000 1729.7000 1611.1000 1660.0000 1586.2000 1486.2000 1653.4000 1478.9000 1626.3000 1522.4000 1790.8000 1704.7000 1640.3000 1732.9000 1564.1000 1675.3000 1647.8000 1653.0000 1733.6000 1690.4000 1654.9000 1499.4000 1555.0000 1622.0000 1639.3000 1541.4000 1824.8000 1753.1000 1680.0000 1637.6000 1614.9000 1555.7000 1638.0000 1652.5000 1532.5000 1658.6000 1619.4000
1483.4000 1567.2000 1603.0000 1787.1000 1680.6000 1529.2000 1674.9000 1512.3000 1722.7000 1598.4000 1628.5000 1742.1000 1533.1000 1524.3000 1589.4000 1719.1000 1514.5000 1409.5000 1599.9000 1680.2000 1732.1000 1599.0000 1603.1000 1728.4000 1486.5000 1605.0000 1651.3000 1672.0000 1595.3000 1638.8000 1437.0000 1583.4000 1672.3000 1557.5000 1640.8000 1671.8000 1608.6000 1649.7000 1559.0000 1619.5000 1684.9000 1648.6000 1589.1000 1654.0000 1693.2000 1472.0000 1728.8000 1609.1000 1670.1000 1731.8000
1530.5000 1583.5000 1617.2000 1577.5000 1779.0000 1571.7000 1595.8000 1656.6000 1544.1000 1608.6000 1665.6000 1613.6000 1632.8000 1597.9000 1519.1000 1666.0000 1780.6000 1641.7000 1658.3000 1695.7000 1538.7000 1776.4000 1656.4000 1770.8000 1581.6000 1785.7000 1702.3000 1684.5000 1659.0000 1620.4000 1736.3000 1651.5000 1482.9000 1550.9000 1625.4000 1665.0000 1635.7000 1737.8000 1484.2000 1651.7000 1494.8000 1701.0000 1632.7000 1673.8000 1571.1000 1742.6000 1723.6000 1686.9000 1629.9000 1686.6000
1587.9000 1712.9000 1776.4000 1730.1000 1586.1000 1673.4000 1541.0000 1690.2000 1680.5000 1494.9000 1551.5000 1621.8000 1620.4000 1547.7000 1675.6000 1664.6000 1628.9000 1584.0000 1728.3000 1776.9000 1605.8000 1595.5000 1683.7000 1615.8000 1633.3000 1703.6000 1491.7000 1749.9000 1650.3000 1611.5000 1637.3000 1641.4000 1506.0000 1764.0000 1647.8000 1679.9000 1720.6000 1562.8000 1682.3000 1623.0000 1712.2000 1474.3000 1636.5000 1596.2000 1679.0000 1682.1000 1587.8000 1587.5000 1635.6000 1572.7000
1716.0000 1619.1000 1416.1000 1618.7000 1565.6000 1518.2000 1549.7000 1657.4000 1754.9000 1673.7000 1600.1000 1685.1000 1611.9000 1593.1000 1556.3000 1508.5000 1617.5000 1661.3000 1640.9000 1615.4000 1573.0000 1697.3000 1543.3000 1710.7000 1568.5000 1588.5000 1531.3000 1608.5000 1726.7000 1689.9000 1726.9000 1690.4000 1560.4000 1622.2000 1586.2000 1755.1000 1552.9000 1720.1000 1720.1000 1795.0000 1615.9000 1705.6000 1831.2000 1599.2000 1525.8000 1498.3000 1705.7000 1498.0000 1618.9000 1683.6000
1667.7000 1686.9000 1670.6000 1755.2000 1576.7000 1598.7000 1591.0000 1719.3000 1724.9000 1689.0000 1747.5000 1558.6000 1786.2000 1774.7000 1711.7000 1795.4000 1520.3000 1610.9000 1594.0000 1710.6000 1568.8000 1713.5000 1762.5000 1708.5000 1675.6000 1573.8000 1585.1000 1752.8000 1715.2000 1649.7000 1619.4000 1490.8000 1567.2000 1805.8000 1550.4000 1668.0000 1733.5000 1552.5000 1667.6000 1727.9000 1653.9000 1882.3000 1519.4000 1737.6000 1639.0000 1714.6000 1688.2000 1594.2000 1671.2000 1504.2000
1705.3000 1680.9000 1708.2000 1741.7000 1686.5000 1668.9000 1586.6000 1600.1000 1752.0000 1772.0000 1638.0000 1660.7000 1584.7000 1750.9000 1710.3000 1812.4000 1586.8000 1626.8000 1675.6000 1708.8000 1639.8000 1587.2000 1727.6000 1714.8000 1583.8000 1765.5000 1750.7000 1667.8000 1663.4000 1701.4000 1588.1000 1659.5000 1484.9000 1727.2000 1532.1000 1777.3000 1630.7000 1640.1000 1606.8000 1634.0000 1770.5000 1458.0000 1759.2000 1684.1000 1560.5000 1571.0000 1791.2000 1581.4000 1564.8000 1748.0000
1688.3000 1586.2000 1678.6000 1579.2000 1749.3000 1746.2000 1703.8000 1690.2000 1802.2000 1661.2000 1566.7000 1697.2000 1828.1000 1580.1000 1632.3000 1694.6000 1657.0000 1582.7000 1751.0000 1846.9000 1677.0000 1588.9000 1537.3000 1681.9000 1749.6000 1699.3000 1661.1000 1614.1000 1573.9000 1728.0000 1734.4000 1537.6000 1788.5000 1707.2000 1773.2000 1553.9000 1552.0000 1649.3000 1701.5000 1805.0000 1717.8000 1641.9000 1579.2000 1759.7000 1584.1000 1791.5000 1638.5000 1788.5000 1715.6000 1650.3000
1623.9000 1638.2000 1699.7000 1671.6000 1618.0000 1652.2000 1671.8000 1495.2000 1702.1000 1587.1000 1573.2000 1530.5000 1522.0000 1557.0000 1608.7000 1821.7000 1623.4000 1679.7000 1697.5000 1676.0000 1659.3000 1569.8000 1781.5000 1810.0000 1530.9000 1583.5000 1643.1000 1588.3000 1705.9000 1607.2000 1838.7000 1760.7000 1682.5000 1747.6000 1753.9000 1620.4000 1600.2000 1671.7000 1734.4000 1676.6000 1539.3000 1601.2000 1659.6000 1659.4000 1823.3000 1554.6000 1705.9000 1784.6000 1847.2000 1633.1000
1709.0000 1715.3000 1685.3000 1661.8000 1704.6000 1467.1000 1724.2000 1679.8000 1651.9000 1833.4000 1615.7000 1637.4000 1829.0000 1603.1000 1625.7000 1657.9000 1736.9000 1686.3000 1566.3000 1627.1000 1621.1000 1663.5000 1703.7000 1703.1000 1527.6000 1754.8000 1689.9000 1780.4000 1705.2000 1757.8000 1707.0000 1777.4000 1711.5000 1661.8000 1851.5000 1740.8000 1715.6000 1567.6000 1566.6000 1693.1000 1681.3000 1620.5000 1681.0000 1796.8000 1725.3000 1578.4000 1660.8000 1605.3000 1638.7000 1636.6000
1635.7000 1573.5000 1663.7000 1629.0000 1439.5000 1838.1000 1761.0000 1643.8000 1675.4000 1580.1000 1809.5000 1825.7000 1686.4000 1755.8000 1687.9000 1566.9000 1640.9000 1684.4000 1637.5000 1656.4000 1666.6000 1667.4000 1678.1000 1589.0000 1616.5000 1571.1000 1752.1000 1505.4000 1766.2000 1784.8000 1649.7000 1465.6000 1645.0000 1668.7000 1593.0000 1632.7000 1796.3000 1727.1000 1599.9000 1546.1000 1647.7000 1656.8000 1713.6000 1631.1000 1714.8000 1828.7000 1739.1000 1670.0000 1659.2000 1645.3000
1772.5000 1627.9000 1681.7000 1682.2000 1637.9000 1568.3000 1703.9000 1673.2000 1718.1000 1635.4000 1775.7000 1607.9000 1815.0000 1538.3000 1712.9000 1716.1000 1614.4000 1712.0000 1780.4000 1500.7000 1718.3000 1478.6000 1600.8000 1808.4000 1631.5000 1584.2000 1662.2000 1843.5000 1531.5000 1594.0000 1797.9000 1826.7000 1669.8000 1579.0000 1845.7000 1805.6000 1732.4000 1613.1000 1674.2000 1665.3000 1704.5000 1794.2000 1748.4000 1591.9000 1788.2000 1703.1000 1733.0000 1795.4000 1589.2000 1675.2000
1639.8000 1556.9000 1710.0000 1883.2000 1535.1000 1679.7000 1733.5000 1692.1000 1673.2000 1578.3000 1700.9000 1621.7000 1507.1000 1777.9000 1759.0000 1686.4000 1700.6000 1768.2000 1700.2000 1754.6000 1658.5000 1787.2000 1707.9000 1697.8000 1580.7000 1705.2000 1615.7000 1631.2000 1617.1000 1597.0000 1852.3000 1788.8000 1835.9000 1584.5000 1688.0000 1578.8000 1626.6000 1608.8000 1781.5000 1650.6000 1767.8000 1730.6000 1866.6000 1563.9000 1783.0000 1774.0000 1604.4000 1762.9000 1709.2000 1664.1000
1620.6000 1629.0000 1850.5000 1686.5000 1749.1000 1623.2000 1624.1000 1773.0000 1578.5000 1653.3000 1689.2000 1695.4000 1672.2000 1718.2000 1741.9000 1745.3000 1607.6000 1663.8000 1782.1000 1758.1000 1576.7000 1714.6000 1528.2000 1690.2000 1838.3000 1610.7000 1619.7000 1747.6000 1563.1000 1635.9000 1734.2000 1635.7000 1667.6000 1746.0000 1720.2000 1707.8000 1659.4000 1716.1000 1676.6000 1723.1000 1646.7000 1671.9000 1607.3000 1683.7000 1621.6000 1597.4000 1707.2000 1703.5000 1749.1000 1652.0000
1723.3000 1734.8000 1726.3000 1624.6000 1702.6000 1719.8000 1691.3000 1523.8000 1703.5000 1867.7000 1661.9000 1632.4000 1720.6000 1715.7000 1786.1000 1590.1000 1749.2000 1737.9000 1679.3000 1717.8000 1773.1000 1760.5000 1599.3000 1756.3000 1685.5000 1696.5000 1696.5000 1678.7000 1786.0000 1684.0000 1601.1000 1659.2000 1705.0000 1789.0000 1738.9000 1622.7000 1889.5000 1711.9000 1792.7000 1678.6000 1733.4000 1757.9000 1788.1000 1775.3000 1760.5000 1665.5000 1645.0000 1717.3000 1765.3000 1672.9000
1780.1000 1811.1000 1621.6000 1627.9000 1683.7000 1719.5000 1652.9000 1803.1000 1728.8000 1698.1000 1580.0000 1589.6000 1717.4000 1524.3000 1775.9000 1682.2000 1954.3000 1879.5000 1680.4000 1686.4000 1774.5000 1831.2000 1563.9000 1552.0000 1645.1000 1741.5000 1734.6000 1780.5000 1598.9000 1509.6000 1763.5000 1628.6000 1533.4000 1706.5000 1758.4000 1685.1000 1658.3000 1682.1000 1665.3000 1587.1000 1637.7000 1736.6000 1720.6000 1708.3000 1615.3000 1680.4000 1520.7000 1709.2000 1809.2000 1577.0000
1652.2000 1725.4000 1799.3000 1663.2000 1643.7000 1541.6000 1707.4000 1862.5000 1721.3000 1697.3000 1724.9000 1698.2000 1634.1000 1765.0000 1717.2000 1700.5000 1621.1000 1803.4000 1752.3000 1654.9000 1779.2000 1659.3000 1636.5000 1638.3000 1557.4000 1736.8000 1552.6000 1600.8000 1533.1000 1692.2000 1687.1000 1673.0000 1615.7000 1605.3000 1736.3000 1655.1000 1724.4000 1628.3000 1713.6000 1803.4000 1746.0000 1666.1000 1719.7000 1679.8000 1699.7000 1673.1000 1686.0000 1716.1000 1619.6000 1617.8000
1592.2000 1575.3000 1605.9000 1716.1000 1631.9000 1744.4000 1706.1000 1545.8000 1755.7000 1768.2000 1623.8000 1736.9000 1634.8000 1711.1000 1602.1000 1559.9000 1672.7000 1693.4000 1671.5000 1608.6000 1671.3000 1724.8000 1699.7000 1717.9000 1649.7000 1797.0000 1609.2000 1742.3000 1797.9000 1741.8000 1687.1000 1661.0000 1786.2000 1589.5000 1625.7000 1671.5000 1802.3000 1733.7000 1625.9000 1678.5000 1654.2000 1646.5000 1781.6000 1593.6000 1832.0000 1769.6000 1790.6000 1666.3000 1691.3000 1588.7000
1665.5000 1747.0000 1811.2000 1618.9000 1678.3000 1695.4000 1595.8000 1754.8000 1649.6000 1691.9000 1671.4000 1644.4000 1706.9000 1690.3000 1677.8000 1649.2000 1733.1000 1839.8000 1718.7000 1787.2000 1596.3000 1720.1000 1619.7000 1589.4000 1648.4000 1802.9000 1783.5000 1727.0000 1584.9000 1691.8000 1731.6000 1721.6000 1560.0000 1636.3000 1702.4000 1750.4000 1531.8000 1694.5000 1719.0000 1775.5000 1762.9000 1754.1000 1643.5000 1554.9000 1676.1000 1787.6000 1819.0000 1764.4000 1741.9000 1737.9000
1667.2000 1701.3000 1845.2000 1636.3000 1840.9000 1686.0000 1817.7000 1599.2000 1758.6000 1652.8000 1598.5000 1729.2000 1792.5000 1644.1000 1591.8000 1704.4000 1704.7000 1755.6000 1787.7000 1707.0000 1860.2000 1729.7000 1684.0000 1582.8000 1690.7000 1684.8000 1788.5000 1748.7000 1617.4000 1725.5000 1765.4000 1834.0000 1782.7000 1772.6000 1716.5000 1742.8000 1811.7000 1605.1000 1683.8000 1649.9000 1742.0000 1810.1000 1664.0000 1520.5000 1678.7000 1784.8000 1754.7000 1746.0000 1689.3000 1609.4000
1757.1000 1649.2000 1890.6000 1761.6000 1669.5000 1667.0000 1708.5000 1696.8000 1805.3000 1730.8000 1657.4000 1867.2000 1719.9000 1777.4000 1667.3000 1745.0000 1740.8000 1564.7000 1877.1000 1819.2000 1684.1000 1627.7000 1743.7000 1722.9000 1744.4000 1731.2000 1756.4000 1831.7000 1761.4000 1631.9000 1824.9000 1847.2000 1968.1000 1626.0000 1735.3000 1549.4000 1760.2000 1672.1000 1869.8000 1653.9000 1580.8000 1678.2000 1557.9000 1776.0000 1550.7000 1718.2000 1549.7000 1690.3000 1847.4000 1744.8000
1651.0000 1717.6000 1721.6000 1757.9000 1610.8000 1767.5000 1503.8000 1669.7000 1681.1000 1770.8000 1721.9000 1607.7000 1641.3000 1736.0000 1713.8000 1673.8000 1681.7000 1775.8000 1678.7000 1713.1000 1893.7000 1606.2000 1572.0000 1782.8000 1665.8000 1694.7000 1657.6000 1699.3000 1848.0000 1784.3000 1789.1000 1606.8000 1628.0000 1493.0000 1655.4000 1796.7000 1761.5000 1702.4000 1718.3000 1665.0000 1736.5000 1781.4000 1590.9000 1744.1000 1794.7000 1686.9000 1776.2000 1945.3000 1711.8000 1751.6000
1665.3000 1738.8000 1761.1000 1739.9000 1642.8000 1740.8000 1841.3000 1760.2000 1801.3000 1705.4000 1784.3000 1746.7000 1648.3000 1749.8000 1645.0000 1673.7000 1739.5000 1748.1000 1629.2000 1808.6000 1770.1000 1667.9000 1601.3000 1712.7000 1688.7000 1733.4000 1695.3000 1563.7000 1693.3000 1699.9000 1775.0000 1668.5000 1858.6000 1571.4000 1829.2000 1706.4000 1793.1000 1730.7000 1815.5000 1693.3000 1636.4000 1838.0000 1715.2000 1742.1000 1823.1000 1641.8000 1772.0000 1677.1000 1713.8000 1730.1000
