data/kamrup_synthetic/raster/kamrup_temperature_mean_c.asc
ncols         50
nrows         50
xllcorner     90.48
yllcorner     25.46
cellsize      0.020400
NODATA_value  -9999
23.4600 23.4500 22.7800 23.5100 24.0400 23.0400 24.2000 23.9200 23.3100 23.6100 24.4800 24.0400 23.6800 23.5600 23.7100 23.4200 22.6200 24.7000 23.7500 23.8800 23.6500 23.3100 23.5800 22.8800 24.8100 23.0600 23.1600 23.4600 24.3200 23.6800 23.0600 24.3000 24.0400 23.9500 24.0300 24.8700 24.7700 23.3300 24.4900 23.8700 23.9300 22.8300 23.5900 23.2700 24.0900 24.2100 22.6400 23.6600 24.2400 23.5800
24.0600 23.8700 23.8600 23.5600 23.0800 23.1300 24.0500 23.7000 23.6200 23.4800 23.5400 24.2200 23.5300 23.0200 24.0600 23.5900 23.7100 24.5000 23.6800 23.8400 23.1000 23.5800 24.0000 22.9200 23.7900 23.7400 23.7100 24.2100 23.8600 24.4300 23.2000 23.7600 23.7400 23.1600 24.1700 24.8600 23.6800 23.9500 23.7400 23.3400 22.7800 23.3400 23.0000 24.5400 23.6400 23.5200 24.1400 23.1300 23.3100 23.7300
24.2200 23.9600 23.8300 23.7500 23.9100 23.8100 23.1900 23.7300 23.1700 23.7500 23.4700 24.9800 23.6900 23.0100 23.6400 23.9700 24.5500 23.4100 22.9200 24.1200 23.0200 23.4900 23.5800 23.6700 24.0500 23.3700 23.5700 23.7000 23.7800 23.7600 23.9300 24.1300 23.9100 23.9400 22.9200 23.7300 23.9500 24.0700 23.3600 23.3800 23.4200 23.9800 24.2300 23.5100 24.1600 23.7700 23.6500 23.6000 24.0800 23.8700
24.8600 23.3000 23.9900 23.4600 23.2900 23.7200 23.8000 25.1900 23.6300 23.1600 23.8600 22.6900 23.6800 23.7300 24.1200 24.2100 23.4700 23.6500 23.3400 23.1600 23.8800 23.0900 23.5200 23.2300 24.0000 24.6300 23.0800 22.8000 23.6600 23.7300 23.8400 23.5000 23.6300 23.9100 24.2500 22.7500 23.5400 23.8300 23.2700 24.5900 23.4100 23.7100 24.0000 23.4300 22.8000 23.5100 24.2400 23.5600 23.3000 24.1900
23.5800 23.4900 23.8200 24.1300 24.9300 24.1600 24.3200 23.4900 23.2300 23.7700 23.8000 23.2000 23.6600 23.9400 23.9200 24.0000 23.8900 23.4900 23.4900 23.1400 24.6400 23.7500 23.6300 23.2800 25.2100 23.2100 23.5300 23.9500 24.0400 24.2200 24.6500 24.0000 23.2200 23.6100 23.9000 24.7800 23.0400 24.3400 23.8300 24.1600 23.6900 23.3200 24.1200 24.0700 24.2300 23.7400 23.4400 22.9600 24.1500 23.9600
23.2800 23.4900 23.5300 23.0200 23.3500 23.1900 23.5500 23.3900 22.9500 24.7700 24.3900 23.3700 23.9000 23.9700 24.3600 23.3500 24.3100 23.4900 23.0900 24.1200 24.4100 25.0500 23.1600 24.1100 23.5600 24.1500 23.0200 23.1300 23.3700 23.8000 23.4400 24.0900 24.2700 24.0600 24.5700 23.9700 23.1500 24.4400 23.4600 24.2200 24.5500 23.9900 23.0100 23.3000 24.4200 23.6800 23.8000 24.1400 24.1100 23.9000
23.6700 23.6200 24.2100 24.0500 23.6500 24.3200 23.7100 23.3500 23.4000 23.2900 23.6400 24.3900 23.3700 23.8700 23.4500 23.6500 23.0200 23.6700 23.6800 24.0500 23.8900 23.1800 24.3200 23.8800 23.8800 23.7700 23.5200 23.8900 24.0100 22.9000 23.5100 23.6500 23.9000 24.3700 23.3900 23.5300 23.5200 23.3800 23.6000 24.1600 23.2500 23.9900 22.9300 23.5000 23.6100 24.6100 23.6400 22.6800 22.7800 23.7900
24.1000 23.9800 23.8800 24.3700 23.5200 24.2400 22.9800 23.3400 22.8900 23.6600 23.7700 23.8500 23.8200 23.3300 23.7000 23.0400 24.4800 23.6400 23.5500 24.5900 23.1700 23.2300 23.2500 23.7600 24.0100 24.1600 25.0800 22.6700 24.1000 23.5200 23.5000 23.4800 23.3400 24.6400 24.2100 23.8100 24.4700 23.0400 23.1300 22.7000 23.4400 23.8700 23.8500 23.8700 23.0900 24.2000 23.9100 24.1600 22.8500 23.9500
23.2200 23.6100 24.0800 23.8600 23.3800 23.8100 23.0400 24.3900 23.7100 24.3700 23.5500 23.5500 23.4300 24.2500 23.4600 24.1300 23.6200 22.8200 23.5300 23.2200 23.8300 23.2200 24.2700 23.7600 23.7200 24.1400 24.2900 23.8000 23.4200 22.9200 23.4700 23.5000 23.8600 23.6400 24.1500 23.5000 23.7800 24.4000 23.9800 23.7800 23.5100 23.4900 23.3900 23.5400 24.1900 23.7000 23.1400 24.6900 23.9700 23.1100
23.6100 23.8800 24.6800 23.2700 24.3200 24.5300 23.5100 23.6900 23.3100 23.7300 23.8100 24.1600 24.3700 23.4500 22.8400 23.8200 23.9700 23.9500 23.6600 23.8900 24.5900 24.0200 23.6400 23.5800 23.7400 24.6500 23.7400 23.8200 23.5900 24.3800 24.8100 24.0500 23.8700 23.8500 22.6400 24.2000 23.8900 24.0400 23.4700 23.6400 23.6200 24.3400 23.6400 24.8700 24.0400 23.1900 23.7600 23.5000 22.7300 24.6300
24.2000 24.1100 23.9300 23.1500 23.6000 24.2700 23.3200 22.5800 23.7300 23.7700 23.9100 24.2100 24.1600 23.9700 24.4400 23.0800 24.1000 24.1600 23.2200 23.0900 23.4700 23.5100 24.2200 23.5400 23.4200 23.5400 24.4000 23.8500 23.7500 23.7900 24.4900 23.4700 24.5000 23.9500 23.7600 25.0900 23.3200 23.6700 23.2300 24.3200 24.6900 24.6800 24.4600 23.7500 23.6600 23.0100 24.8600 24.0800 23.6000 24.5100
23.3700 24.0600 23.7700 24.1800 23.8300 23.1400 23.9000 24.3900 23.8500 24.2500 23.3400 23.8500 23.5500 24.2300 23.8800 24.2100 24.4000 24.2100 24.0000 23.3600 23.8600 23.5900 23.6900 23.6700 23.3700 22.8800 23.5300 23.9600 23.1900 23.8700 24.8100 24.3700 24.6800 24.0600 24.4400 23.5000 23.5400 22.4900 24.4500 24.6300 23.5800 23.7300 23.4800 24.0500 24.4200 22.9900 24.0700 23.7200 23.9200 24.0900
23.7800 23.8300 23.7700 24.3600 24.0900 23.9900 23.2400 23.6900 24.3300 23.9000 24.2100 24.7600 24.4000 23.9200 23.6200 22.6000 23.7900 23.7100 24.0700 23.8000 23.7200 22.9900 23.4100 24.1200 24.7400 23.8300 24.0400 24.3500 23.4700 24.0600 23.5100 24.3100 23.9500 24.0300 23.4900 24.2300 24.9200 23.3700 23.7100 23.9900 24.2700 23.6000 22.4600 24.5600 24.2600 23.0100 23.5700 24.6600 24.6000 24.3500
23.8100 23.9400 23.8300 24.4600 23.4600 23.4900 24.4000 23.8700 24.5800 23.5600 23.8700 23.4300 23.9000 23.1600 23.6500 23.1800 24.2400 24.2500 23.0300 24.5600 25.1400 23.9200 23.5700 25.3100 23.2400 23.9000 23.9800 24.5700 24.0700 23.6500 23.4200 23.7200 23.3900 23.9200 23.6100 23.1500 24.5200 23.6500 23.2600 23.8100 23.9300 23.0200 24.0600 23.3700 24.7500 24.1600 23.6900 23.5200 23.8400 24.2000
23.9000 23.8000 23.9400 23.6100 23.7400 22.8700 24.4000 24.0600 23.5200 24.8600 23.9500 23.3900 24.3400 24.1100 24.1100 23.7000 24.1400 23.7800 24.1900 22.9600 23.6900 24.7700 23.5300 23.6100 23.6900 23.3000 22.8100 23.8000 23.9800 23.8900 23.8400 23.9300 24.4200 23.8200 23.6200 23.7700 24.2000 24.6200 23.6000 23.9600 24.0800 23.4200 23.9200 23.1800 23.0300 24.0900 23.7200 24.0100 23.9000 23.4200
23.9100 23.3100 24.6200 23.2500 23.8300 23.4100 24.2100 23.7600 23.6700 24.3500 23.9400 24.1900 23.4400 23.2300 23.9800 23.7700 24.2400 23.8900 24.0300 23.1200 24.8700 23.8500 24.2800 23.5100 24.0800 23.2800 24.1500 23.7500 23.9400 24.2800 23.3100 23.5900 24.1600 24.9800 23.8600 24.2200 23.8700 24.9000 23.0500 23.9800 23.1200 22.6700 24.0800 24.0000 23.7900 23.8800 25.4800 23.8000 24.1800 23.6000
24.0900 23.8300 23.7400 24.8500 24.5300 24.0100 22.7900 23.7600 25.3000 23.8300 24.5000 24.6700 24.0500 23.5200 22.7300 24.2900 23.5400 24.0300 23.3200 23.8100 23.9600 24.0800 23.3900 24.5400 23.6500 23.1100 23.8900 23.9600 24.0300 24.6300 23.8300 23.8900 23.3900 24.3600 24.0400 23.7400 22.9900 24.6700 23.3300 23.6500 24.1200 23.3500 23.2000 22.8800 24.3100 23.6700 25.4100 23.4500 23.4800 23.6600
24.0800 23.7300 24.2700 23.4700 23.2700 23.0600 22.8500 23.7000 23.8100 23.6500 24.5800 24.5800 23.7900 23.0600 23.6800 23.6600 23.6300 23.6100 23.6400 23.7700 23.6400 24.0700 24.1400 23.5100 24.6000 23.4700 23.1500 24.1500 23.5500 24.1200 22.7600 24.6600 24.3000 23.2100 23.2200 24.8000 23.5900 23.5400 22.8300 23.7900 23.8500 24.3200 23.2600 23.2000 24.1900 24.4700 23.1800 24.5000 23.9800 24.5100
23.9400 22.7200 23.9000 24.5100 23.5300 23.7800 23.8900 22.5300 24.8100 23.5300 24.2300 23.9400 24.6100 24.1800 23.8600 23.5300 24.3800 23.0400 24.3000 23.4300 24.6000 24.0600 24.3000 24.0200 23.1000 23.5500 24.3100 24.0600 24.5700 24.1800 23.5000 23.5800 24.0300 22.8200 24.8200 24.2000 24.5900 23.1900 24.6000 25.0900 23.3200 24.3600 23.9800 23.2100 24.2300 24.4000 23.6800 24.5600 23.1500 23.2300
24.0600 24.0100 23.6400 24.4000 24.2600 24.4200 23.9300 24.3000 23.7700 25.0200 23.5900 25.0500 24.0100 23.3100 24.6800 24.0600 24.4200 24.6100 24.1600 23.7000 24.4800 24.0000 24.3400 22.9200 24.2200 23.6800 24.8200 24.3100 24.1200 24.2400 23.5000 24.8100 24.9900 24.1900 24.7900 23.7100 23.6000 24.0200 24.2100 23.8000 24.2600 24.1500 23.5000 24.2500 24.4300 24.0800 24.5700 23.3900 24.2300 23.4100
23.4600 23.7000 23.5400 23.7400 23.9100 24.4300 23.8500 23.2200 24.5800 23.5900 23.9800 24.2400 24.1100 24.5600 24.2500 23.5800 25.1000 24.1100 23.9400 24.4900 24.1400 24.2100 25.2600 23.8700 23.8500 24.0700 24.5500 23.2600 23.0300 23.7200 23.2000 23.8000 24.2600 23.5700 23.3000 24.0500 24.4400 23.1600 24.4200 24.4200 24.4900 24.6200 25.1100 23.8300 24.0700 23.8000 24.0100 24.7800 23.3400 23.5800
24.7200 24.5400 23.8500 24.4600 24.2000 24.7800 24.0700 24.5400 25.3500 24.3300 24.0500 24.3900 23.8500 25.2200 24.1200 23.8900 23.6100 24.5800 24.4600 23.7800 24.3200 23.2700 24.1200 24.2600 24.8800 23.6400 23.3900 23.5800 23.3600 24.7000 24.8000 24.1900 24.6400 24.1000 23.9800 23.8600 23.8700 23.2600 24.1600 24.0100 24.4000 24.0800 23.9500 23.5900 24.0700 24.4000 23.4600 24.0700 24.1500 23.6700
23.7500 24.1600 23.4800 24.2200 23.6000 24.5800 25.2100 23.6200 24.3100 23.6800 24.5700 23.4100 24.2900 23.6100 23.9400 23.5300 24.4600 23.6300 24.3200 23.8700 23.9900 24.1200 23.6700 24.1500 24.8100 23.6600 24.6300 24.8000 23.6400 23.3200 24.2000 23.7700 24.9800 24.0600 23.6400 23.4700 24.5900 23.7600 24.0700 24.5200 23.8000 24.0200 24.0400 24.3900 24.3400 23.9400 24.0800 23.8600 23.3100 24.1700
25.0100 23.6200 23.6800 23.6300 24.4300 24.2900 23.9800 23.6000 24.1100 23.2800 24.1300 24.5000 23.4400 23.3000 24.8500 23.7600 24.6300 23.9900 23.9800 24.2800 23.6200 24.1300 23.8700 23.4000 24.2300 23.9300 23.9800 23.4600 24.8600 24.5000 24.5400 23.9100 23.2000 25.0400 24.0300 23.6900 24.2700 24.6500 24.0500 24.7000 24.6000 23.5200 23.7300 24.5400 22.7100 23.9900 23.3500 23.8200 23.9100 23.8800
23.8000 23.5300 25.2300 25.0100 23.5000 24.8700 23.8800 24.1400 24.0500 23.7500 24.5700 24.1400 23.8400 23.4300 23.6300 23.2600 24.0900 23.4800 23.9500 24.7600 24.6800 24.0600 24.0400 25.0200 24.3400 23.9200 23.3700 24.2800 24.4900 23.7600 24.2300 23.9000 23.9900 22.8400 23.9700 24.5600 23.7600 24.1100 23.7000 24.2600 23.9700 23.6100 24.7500 24.5400 23.7800 24.3300 24.3500 24.4000 23.2300 24.5800
23.8100 23.9200 25.4200 24.2500 23.9000 22.9900 24.7900 23.4200 23.5900 23.9300 24.8000 24.4800 24.0200 24.2500 23.8000 24.1700 24.1300 24.5800 24.5800 24.3400 23.9200 24.4700 24.0500 23.5600 23.8900 24.1400 24.5500 24.0000 23.4900 24.1200 24.1500 24.1900 24.5600 24.6100 23.8000 23.7900 23.5800 24.4500 24.8200 23.9400 23.9800 24.8300 24.3500 24.3100 23.5000 24.4400 23.6300 23.5300 23.9200 23.8000
24.0000 23.3900 24.5900 24.6800 23.1400 24.6000 23.7100 24.5400 24.0800 24.1300 24.0200 24.7200 23.4900 24.4200 24.6600 24.4700 25.2800 23.8500 24.5900 24.0600 24.7300 24.1100 23.9200 24.7700 23.8700 23.4100 23.8500 24.4200 24.8100 24.1700 24.7700 23.4300 23.8900 23.9700 24.0600 24.1600 24.4600 23.8900 24.1800 24.0900 23.6500 24.0600 24.0400 24.0300 24.1300 24.1500 23.9000 24.7500 23.5300 23.7500
25.5200 23.6100 23.4500 24.5000 23.0900 24.0100 25.2000 23.3600 23.1400 23.3800 24.5800 24.6900 23.8700 24.4700 24.8300 25.0200 24.0100 22.9800 23.7200 23.9200 24.0000 24.0400 24.6900 24.7700 24.0400 24.6800 24.3100 24.1600 24.5800 24.1700 25.1600 23.4100 23.8700 24.0700 24.3500 24.7600 24.1200 23.4200 24.5500 24.5100 23.1600 24.1300 23.3300 23.8000 23.6800 24.5300 24.1900 23.4900 24.5700 23.4100
24.3100 23.7400 23.9600 24.4000 24.4100 24.8200 24.1100 24.3000 23.9300 24.2400 24.3700 24.1000 23.2400 24.3100 24.3300 23.8100 23.5000 24.8800 24.3900 24.0300 23.5800 23.7400 24.8000 24.2200 23.8700 24.4000 23.7400 24.9000 24.8200 23.9100 23.8300 22.8400 23.4100 23.4800 24.2100 23.9800 23.4700 24.0100 24.4000 24.4100 23.2000 24.0800 23.4600 24.6000 24.5400 23.7000 23.7600 23.9200 23.0200 24.3100
24.0300 24.6500 23.6100 23.8500 23.4100 23.6600 23.5700 24.6600 23.8100 24.2300 23.9700 23.5300 24.0800 24.4600 23.5600 24.5700 23.7400 23.9200 24.4300 23.8300 24.1800 24.0100 24.2300 22.9700 23.2500 24.4700 24.6800 23.7100 24.0400 24.3100 24.5100 23.1500 23.7200 24.0000 24.5200 25.4100 24.0500 23.4600 24.3600 24.8200 24.2200 23.7100 24.6400 24.5000 23.6500 24.3500 24.6600 24.7500 24.1300 23.9800
24.7900 23.5800 24.4000 23.5000 24.7100 24.0500 24.8100 24.4300 23.5700 24.8900 24.9600 24.6200 23.8000 24.0300 24.2500 23.8300 25.0300 24.2500 22.8300 24.3500 24.0100 24.1400 24.0000 24.5800 24.7400 24.3200 24.0100 24.1600 24.1900 23.7800 24.4700 24.4100 24.9500 24.8100 23.8400 24.5900 23.7100 24.5300 23.9200 23.6700 24.3200 22.8400 23.3100 24.0900 24.2200 24.0000 23.3900 23.7700 24.3800 24.4700
24.1900 24.7800 24.4000 23.8200 24.0600 23.5000 24.1400 24.7500 24.5400 24.9000 24.0500 24.8700 24.1000 24.9300 24.1900 24.5500 24.9300 24.1000 24.3100 24.8400 24.1300 23.5400 25.2700 23.9600 24.2800 24.7800 23.8900 23.6900 24.3200 23.3000 24.0500 24.3200 24.0600 23.4300 24.9900 24.2500 24.9100 24.0700 23.7600 24.3300 24.0900 23.6100 24.9300 23.8900 23.2800 24.8600 23.9500 23.8900 23.3100 25.0700
23.5700 24.2400 24.6700 24.4200 24.1800 23.3600 23.8100 24.3100 23.8200 24.3200 24.5500 24.7000 23.6000 25.3100 24.6000 24.2100 24.7600 25.4000 23.4900 24.1000 23.0200 24.3100 24.4000 24.1900 23.8900 23.1900 24.4000 24.9400 23.9200 24.4300 23.4300 24.4400 24.0200 23.8300 23.8300 24.0200 24.4100 23.5600 24.0200 24.1900 23.6600 25.1100 23.7900 23.8800 23.7200 25.1100 24.4900 23.7500 24.7700 24.3100
24.3600 24.0600 23.8600 24.4000 23.9600 25.1400 23.6000 25.0000 24.1800 24.3800 24.6500 23.9200 24.6600 22.8800 23.8700 23.7700 23.6000 24.1200 24.4200 24.5800 24.3500 23.9000 24.4200 24.2900 24.7000 24.6200 24.2500 23.7800 23.9000 23.9600 24.0700 24.3600 24.5900 24.2100 24.2400 24.3000 23.9700 23.7700 23.3500 23.8800 24.4700 23.8800 24.1100 24.4600 24.4900 23.6900 24.7300 24.7900 23.6700 23.8200
24.8400 24.1700 23.1400 23.5500 24.1200 23.6700 24.0400 24.2600 24.9800 24.1000 24.7800 24.9600 24.9600 24.3900 23.2700 24.4800 24.7700 24.2100 25.1200 24.6800 24.5300 24.7900 24.4100 23.0000 24.0000 24.8500 23.8400 24.1400 23.7300 25.1400 25.0900 23.8100 24.3200 23.9100 24.5600 24.5000 24.6500 24.4100 25.7200 23.7300 23.3900 24.0500 23.4600 23.5000 23.7500 23.7900 23.7700 24.5100 23.9900 24.1600
24.7100 23.8800 24.1300 24.4500 23.2900 23.0700 24.4400 24.5100 25.3000 24.3400 24.6700 24.1700 24.4100 25.1000 23.2000 24.4700 25.3300 24.4100 25.0900 23.9500 24.2500 24.2800 23.1600 23.6800 23.7200 24.6800 24.7000 24.4300 24.6800 24.1800 24.8700 24.2700 24.2900 24.1300 24.6100 24.0500 24.7500 23.7000 23.7200 24.6100 24.2200 24.0400 24.7100 23.9600 24.1600 24.9600 25.0300 25.0500 24.1200 24.8800
23.8100 23.8300 23.1100 25.1200 23.8500 24.2200 23.8300 24.6300 24.0900 23.6300 24.5000 23.5600 23.8600 23.2300 23.5700 24.3700 23.3000 23.5400 24.2800 24.0100 25.2800 25.2000 23.8500 24.5600 24.6600 23.9800 23.5300 24.2800 24.1900 24.0600 24.5000 23.9100 23.7100 24.3400 24.4700 23.6900 24.7500 23.4000 23.9900 24.1500 23.9600 24.0000 25.2200 23.8600 25.5000 24.5000 24.3300 24.5200 25.5500 23.7800
23.7400 23.9200 24.3100 23.4400 24.3100 25.1400 24.3700 24.1500 23.9900 24.7500 23.8900 25.2200 25.2600 24.4300 24.2900 24.8100 24.8500 23.9000 24.0300 23.6400 24.5000 24.6300 23.6200 24.0700 23.6200 23.8500 24.5700 23.9300 24.1500 23.4800 24.3900 24.2800 23.9300 24.2000 24.3900 23.8900 23.5600 25.2000 23.9800 24.2500 24.8000 26.0600 23.6800 24.5200 23.9400 24.0300 23.9400 23.7400 24.2800 23.5600
24.7900 24.3400 24.5300 24.0800 24.1300 24.4600 23.7300 24.1400 23.8900 23.8700 23.2600 24.9800 23.9700 24.9000 24.8500 23.6700 23.7700 25.6000 25.1900 24.3000 24.4400 24.0000 24.5300 23.9600 23.3000 23.6500 24.3300 23.7500 24.2800 23.7800 23.9200 24.7400 24.4400 24.3100 24.7500 24.5600 25.0400 24.0900 24.1000 23.6600 24.1000 24.8000 24.9700 24.8000 23.4200 24.8600 23.4000 24.7600 24.1300 24.6700
23.6700 24.9200 23.6000 24.0000 23.8300 23.4500 24.3800 25.2300 25.6700 24.3800 24.8900 24.4500 24.5800 24.1600 24.4300 24.6000 24.0400 24.2900 24.3000 24.7500 23.8000 24.3100 25.2900 24.9100 25.0100 24.3400 24.4900 24.8300 25.1100 23.3600 23.6700 24.9900 24.1900 24.0000 23.7000 24.0500 23.6300 25.3800 24.3200 24.3000 24.6300 24.8100 24.8000 24.8700 24.0200 24.1800 24.7200 24.0700 24.3300 24.5300
24.7400 23.4600 24.7100 24.2300 24.7000 24.7400 25.1500 25.0300 25.0200 25.0700 24.4900 24.3600 24.7900 24.7100 24.1900 24.5500 24.3300 23.9200 24.9900 24.3800 25.3700 23.5400 24.0700 24.3600 24.9200 24.5500 24.5000 23.7900 23.7700 24.5100 23.6700 24.0800 24.6000 23.8600 25.1500 24.9600 23.5600 23.8800 23.2100 23.9600 24.7300 24.1400 24.5800 23.5900 24.7500 24.0700 24.3500 24.3000 23.7100 23.7700
24.8500 24.5600 24.8900 24.5300 24.4400 23.5000 24.2300 24.3500 25.3400 24.7100 25.1300 24.6600 24.0100 24.4200 24.4800 23.9000 24.1700 24.2600 25.1700 23.3300 24.9700 23.9000 23.6800 24.9600 24.7300 24.9900 24.7700 25.4000 24.6400 24.2900 24.5400 24.9900 23.9800 24.0400 24.2100 23.3100 24.4300 23.4200 24.3900 24.8000 24.1300 25.2000 23.6400 24.9600 24.7000 23.5100 25.7200 24.3300 23.9300 23.6600
24.2700 24.3200 24.4300 24.2300 24.7000 24.1900 23.4100 24.3100 23.2000 24.5600 23.8900 24.4600 25.0400 23.9100 24.9100 24.1700 25.2600 24.2000 23.9600 24.7300 24.1600 23.9600 24.1400 24.3600 25.0500 23.4200 24.3900 24.6900 24.4800 25.0400 24.3500 24.2900 24.6800 24.4300 24.1900 24.6400 24.0600 24.0800 24.1200 25.0600 22.7700 24.5800 24.4000 23.5400 24.5400 24.6200 24.6800 23.0600 25.0700 24.0100
24.7400 24.7700 23.9600 24.7300 24.2100 23.3600 24.9800 24.0100 23.9700 24.2000 24.5400 24.3700 24.6700 23.7300 24.0300 24.3400 25.3500 24.3400 24.9400 24.4200 24.1600 24.2800 24.3100 24.7000 25.0900 24.5800 24.9900 23.9200 24.1900 24.0400 24.5600 24.2200 24.7600 23.9300 24.4200 24.7400 23.3700 25.4600 24.2600 23.3900 24.4800 24.4200 24.3600 24.8900 24.7700 24.5500 24.6200 24.3500 25.2900 23.6600
24.4900 24.4500 24.8200 23.9900 23.5400 24.4900 24.5600 25.1600 23.7800 24.9900 25.6000 24.2300 23.7700 24.2100 24.4200 24.7000 24.1200 25.1900 23.8600 23.5500 24.9700 23.2800 24.3100 25.9700 24.4100 23.8600 24.3900 24.3900 24.5000 24.7500 23.9000 25.2600 24.5400 24.7800 24.1000 25.0600 24.2900 24.5500 23.9500 23.9200 24.7600 24.1900 23.9900 24.0900 24.7700 24.1000 24.3600 24.4200 23.4600 23.6800
24.6000 24.0600 24.9600 24.9200 24.7900 25.3400 24.3900 24.7600 24.1400 25.6600 25.4200 24.4400 24.6300 25.1100 24.3600 24.1000 24.8700 24.4700 24.5200 24.0200 23.5700 24.5500 24.8900 24.3200 25.1500 24.0800 23.9100 24.4000 24.3900 24.8200 24.0500 25.1200 25.4200 24.4100 25.0600 23.9000 24.9700 24.9600 24.8600 24.4200 22.9600 24.1100 24.1200 23.9400 24.4900 24.2200 24.0200 23.9000 24.0700 24.9900
24.1200 24.1900 24.2200 24.6200 24.6800 22.9300 24.9600 25.1700 23.9200 23.9600 24.2200 24.0700 24.5600 23.4800 23.8900 25.2200 23.9900 25.0700 24.6300 23.5400 24.7700 24.3900 24.2200 24.5700 24.6900 24.8000 25.0400 24.6500 23.7600 24.2100 25.9200 24.8100 25.6300 25.1500 24.5700 24.6000 24.4300 23.5800 24.4600 25.0500 24.1500 24.6600 24.8800 23.9900 24.2200 23.9400 24.0400 23.8100 24.0000 25.1600
24.0100 24.5300 24.2100 25.0600 25.1200 24.9000 24.6200 24.3500 23.8700 25.4400 24.0900 24.8000 25.0000 24.1900 24.9900 24.8500 25.3300 24.2300 23.8200 24.2100 24.5700 24.5000 24.2700 23.5100 24.7000 25.4500 24.7000 24.7700 24.7500 24.6600 24.9300 24.6600 24.3100 24.0700 24.3400 24.6200 24.3100 24.6200 24.6900 24.8800 25.1100 24.5100 23.8100 24.2900 24.4900 23.5500 25.1600 24.5400 24.6600 25.1500
24.1700 24.7700 24.4300 24.3900 24.1000 25.3200 24.3000 24.8300 23.5500 25.0700 25.0100 24.5300 24.3700 24.6800 25.6300 23.6000 24.8700 24.0300 24.4700 24.3600 24.2700 24.4800 23.9200 25.0000 23.5900 24.7500 24.3200 23.9000 24.5800 23.7000 24.5000 23.7700 24.7100 24.0200 24.2600 24.6300 24.1000 24.4500 23.7300 24.8000 25.3700 25.8800 24.5300 24.8800 23.5900 25.2300 24.8700 24.2400 25.1000 24.3600
24.2700 24.7400 23.9700 25.0100 23.9700 23.9700 24.0500 24.8800 24.1900 23.8300 24.2000 24.4800 23.9100 23.9200 25.5600 24.0700 24.3400 24.3200 24.2900 24.8100 24.9700 24.3500 23.8800 25.1400 24.4500 25.3700 23.3800 24.6000 25.4600 24.3200 24.3900 24.6500 24.2200 24.3400 24.3300 24.1900 25.1100 24.7300 24.6300 24.9000 24.3700 24.1100 24.2000 24.5000 23.9700 24.2500 24.2400 25.5600 23.1100 24.4100
